88,35
78,3
78,2
78,1
78,0
40,3
40,1
39,3
39,1
38,15
38,14
38,13
38,12
38,11
38,10
38,9
38,8
38,7
38,6
38,5
38,3
38,2
38,1
37,3
37,1
36,3
36,1
35,4
35,3
35,2
35,1
34,38
34,28
34,4
34,3
34,2
34,1
34,0
32,3
32,1
31,3
31,1
30,3
30,2
30,1
29,3
29,1
27,3
27,1
12,2
12,3
12,1
11,3
11,2
11,1
20,2
10,3
20,1
10,2
20,3
10,1
9,3
9,2
19,2
9,1
19,1
8,3
19,3
8,2
8,1
3,3
3,2
3,1
18,1
0,410
18,3
0,377
14,1
0,376
14,3
0,332
13,1
0,315
13,3
0,273
0,270
0,0
88,34
88,33
88,32
88,31
88,30
88,29
88,28
88,27
88,26
88,25
88,24
88,23
88,22
88,21
88,20
88,19
88,18
88,17
